88.03
22.1
22.1
88.03
75.3232
88.03
22.1
88.03
88.03
88.03
25.64
22.1
59.483
14.5899
22.1
24.94
58.116
22.1
41.9076
59.483
8.00571
59.483
80.1684
63.0648
8.86534
24.94
87.2948
52.2027
88.03
22.1
22.1
22.1
24.94
22.1
21.582
5.4123
88.03
88.03
22.1
88.03
24.94
10.7997
8.00571
88.03
7.1815
24.94
22.1
22.1
88.03
59.483
74.7248
6.57672
7.1815
88.03
41.4283
24.94
24.94
22.1
5.00278
59.483
22.1
43.1975
88.03
25.64
71.3299
22.1
59.483
22.1
59.483
22.1
88.03
7.2597
88.03
24.94
88.03
58.116
88.03
59.483
22.1
25.64
25.64
22.1
24.94
88.03
8.00571
25.64
1.36667
59.483
22.1
59.483
22.1
7.32163
24.94
66.4445
22.1
22.1
88.03
22.1
58.116
52.5492
22.1
59.483
22.1
88.03
88.03
59.483
18.3927
22.1184
24.94
88.03
67.4178
24.94
88.03
24.94
22.1
88.03
59.483
88.03
88.03
88.03
22.1
88.03
24.94
59.483
88.03
24.94
25.64
38.7212
70.8863
12.1784
24.94
24.94
11.9297
22.1
88.03
88.03
24.94
58.116
5.3999
88.03
88.03
88.03
22.1
7.2597
6.1161
58.116
69.8034
88.03
88.03
24.94
22.1
59.483
24.94
88.03
24.94
7.2597
59.483
88.03
24.94
22.1
88.03
43.2757
22.1
10.0997
24.94
8.86534
88.03
18.0062
25.64
22.1
88.03
88.03
88.03
22.1
25.64
22.1
22.1
88.03
88.03
10.0215
8.00571
88.03
19.5626
59.483
24.94
9.91266
25.64
88.03
25.64
22.1
7.1815
45.3921
10.0215
22.1
88.03
10.0215
24.94
59.483
22.1
22.1
88.03
22.1
22.1
24.94
24.94
88.03
88.03
3.17314
5.3999
22.1
88.03
7.2597
88.03
73.1115
88.03
24.94
22.1
7.98467
73.1115
24.94
88.03
18.0272
81.6379
10.0215
8.8627
71.5262
24.94
24.94
88.03
88.03
22.1
7.1815
22.1
88.03
24.94
88.03
88.03
88.03
7.1815
24.94
59.483
88.03
88.03
8.00571
24.94
8.2399
22.1
58.116
8.00571
22.1
7.1815
88.03
73.1897
5.21369
88.03
17.5935
88.03
2.92421
58.116
59.483
88.03
88.03
22.1
22.1
10.0215
22.1
24.94
59.483
22.1
59.483
22.1
58.116
59.483
88.03
7.98467
22.1
88.03
25.64
5.92306
24.94
7.98467
88.03
59.483
88.03
22.1
22.1
22.1
24.94
8.86534
58.116
22.1
25.64
88.03
58.116
72.7492
76.1202
58.116
22.1
44.3699
24.94
88.03
88.03
22.1
88.03
88.03
59.483
24.94
22.1
88.03
59.483
59.483
22.1
8.2399
58.116
43.8186
88.03
22.1
58.116
24.94
58.116
7.98467
24.94
22.1
59.483
24.94
22.1
88.03
88.03
24.94
8.00571
22.1
5.3999
58.116
88.03
88.03
61.4091
88.03
7.2597
25.64
22.1
73.1897
7.2597
24.94
22.1
88.03
58.116
22.1
88.03
71.0637
24.94
88.03
22.1
22.1
88.03
59.483
8.86534
88.03
24.94
88.03
59.483
88.03
88.03
88.03
88.03
22.1
22.1
22.1
18.2892
25.64
71.1208
88.03
24.94
22.1
88.03
58.116
88.03
88.03
51.5611
10.0997
59.483
88.03
88.03
44.5645
59.483
76.1631
13.4103
24.94
88.03
24.94
22.1
88.03
88.03
3.96464
88.03
22.1
88.03
10.0215
82.4432
7.98467
2.32969
59.483
24.94
18.0272
88.03
73.1115
88.03
9.59245
88.03
25.64
10.0215
22.1
59.483
62.9547
22.1
24.94
88.03
88.03
67.1212
7.1815
88.03
88.03
59.483
88.03
88.03
59.483
9.53652
88.03
74.9458
73.1115
25.64
10.0215
88.03
24.94
88.03
7.98467
73.1115
22.1
9.26861
88.03
88.03
88.03
71.3423
88.03
71.5741
22.1
22.1
5.37476
59.483
67.4178
58.116
59.483
58.116
22.1
88.03
67.4178
6.79555
8.00571
22.1
24.94
22.1
59.483
0.518865
24.94
59.483
7.1815
22.1
22.1
5.3999
22.1
22.1
22.1
7.98467
14.4306
69.633
88.03
22.1
73.1897
88.03
88.03
15.1662
59.483
22.1
88.03
88.03
22.1
22.1
8.00571
73.1115
24.94
8.00571
88.03
24.94
24.94
59.483
88.03
4.54724
24.94
59.483
22.1
8.86534
24.94
7.98467
22.1
24.94
88.03
88.03
5.67965
22.1
73.4827
22.1
41.1787
22.1
8.00571
88.03
22.1
24.94
24.94
67.4178
88.03
24.94
88.03
88.03
24.94
24.94
88.03
7.2597
22.1
88.03
88.03
22.1
58.116
22.1
88.03
8.00571
7.1815
22.1
58.116
73.1897
88.03
22.1
22.1
3.51913
88.03
11.8091
88.03
88.03
24.94
88.03
24.94
88.03
22.1
88.03
88.03
7.98467
88.03
24.94
88.03
5.1321
47.8915
24.94
22.1
7.1815
88.03
3.63247
59.483
22.1
20.8148
20.612
24.94
22.1
25.64
24.94
88.03
88.03
24.94
22.1
24.94
22.1
59.483
25.64
88.03
58.116
67.4178
88.03
73.1115
22.1
24.94
10.0215
88.03
10.0215
2.18603
59.483
88.03
22.1
25.64
7.98467
88.03
7.2597
24.94
22.1
88.03
24.94
67.4178
88.03
22.1
24.94
73.1897
24.94
59.483
88.03
7.2597
10.7215
52.3011
24.94
22.1
4.99167
88.03
66.7435
88.03
40.7924
88.03
88.03
22.1
22.1
22.1
88.03
24.94
58.116
7.2597
22.1
7.1815
22.1
24.94
22.1
88.03
24.94
88.03
8.00571
2.74451
7.98467
24.94
22.1
22.1
64.6296
59.483
88.03
22.1
22.1
59.483
88.03
21.7899
59.483
8.00571
52.4993
24.94
82.7591
22.1
35.5749
59.483
67.1212
58.116
22.1
8.00571
67.1212
88.03
22.1
22.1
10.9468
24.94
22.1
88.03
88.03
5.4123
88.03
88.03
24.94
88.03
7.1815
69.2694
2.57247
88.03
10.0997
22.493
58.116
59.483
88.03
88.03
69.633
24.94
65.7627
88.03
10.0215
5.3999
88.03
22.1
22.1
88.03
24.94
88.03
22.1
58.116
8.86534
82.4071
58.116
22.1
24.94
88.03
73.1897
22.1
22.1
88.03
88.03
22.1
10.0215
22.1
24.94
22.1
88.03
2.54706
10.0215
2.84548
5.3999
22.1
58.116
24.94
22.1
15.1703
88.03
58.116
6.85099
88.03
73.1115
22.1
22.1
7.2597
88.03
22.1
88.03
88.03
88.03
88.03
8.00571
88.03
59.483
67.4178
24.94
59.483
22.1
88.03
22.1
9.35044
88.03
88.03
88.03
22.1
10.9303
7.1815
88.03
24.94
24.94
7.1815
73.1115
88.03
88.03
88.03
25.64
88.03
22.1
59.483
88.03
25.64
24.94
59.483
88.03
22.1
59.483
88.03
88.03
10.7997
88.03
88.03
88.03
24.94
59.483
8.00571
67.4178
73.1115
88.03
88.03
88.03
88.03
24.94
68.7283
8.00571
70.1908
5.63868
88.03
5.16593
24.94
7.98467
22.1
24.94
2.37698
88.03
22.1
53.7291
88.03
88.03
58.116
67.8079
59.483
24.94
22.1
88.03
88.03
88.03
22.1
5.1337
22.1
7.98467
43.1975
3.60773
22.1
88.03
22.1
44.5645
20.1497
58.116
88.03
0.908302
22.1
32.138
88.03
22.1
88.03
59.483
88.03
58.116
88.03
88.03
88.03
7.1815
22.1
88.03
88.03
88.03
88.03
22.1
24.94
7.1815
67.1212
64.3188
24.94
22.1
24.94
24.94
22.1
88.03
59.483
22.1
8.00571
88.03
8.00571
69.8887
53.7333
22.1
22.1
88.03
88.03
5.61284
22.1
88.03
8.2523
88.03
58.116
73.1115
10.0215
8.99659
88.03
24.94
88.03
24.94
22.1
69.2694
59.483
10.0215
10.0997
22.1
22.1
22.1
59.483
88.03
88.03
76.4954
88.03
25.64
25.64
88.03
24.94
22.1
22.1
88.03
22.1
67.1212
22.1
59.483
88.03
24.94
88.03
13.6167
67.4178
7.1815
22.1
88.03
22.1
88.03
88.03
24.94
22.1
22.1
24.94
73.1115
88.03
88.03
88.03
5.3999
8.00571
59.483
59.483
25.64
88.03
88.03
59.483
5.30995
24.94
88.03
10.0215
58.116
88.03
58.116
88.03
88.03
24.94
88.03
88.03
88.03
7.1815
7.2597
88.03
88.03
69.8819
22.1
69.2694
7.98467
22.1
25.64
24.94
24.94
22.1
22.1
88.03
7.1815
78.9957
24.94
88.03
22.1
24.94
88.03
88.03
22.1
56.6323
88.03
22.1
59.483
7.1815
24.94
25.64
25.64
69.633
8.00571
19.1639
8.8627
88.03
88.03
7.1815
88.03
88.03
22.1
24.94
59.483
14.7127
59.483
22.1
22.1
5.60226
7.1815
22.1
22.1
22.1
24.94
25.64
88.03
59.483
88.03
88.03
24.94
22.1
88.03
88.03
22.1
8.04049
88.03
59.483
69.4344
22.1
22.1
59.483
10.0215
58.116
8.00571
22.1
88.03
88.03
7.1815
88.03
17.8345
24.94
88.03
25.64
88.03
24.94
24.94
24.94
22.1
10.0215
88.03
5.3999
22.1
73.3457
24.94
24.94
88.03
88.03
22.1
22.1
88.03
88.03
58.116
88.03
44.5645
59.483
22.1
88.03
22.1
88.03
22.1
88.03
85.0374
88.03
22.1
24.94
24.94
88.03
47.1635
22.1
88.03
88.03
8.00571
22.1
88.03
22.1
8.2399
22.1
88.03
88.03
88.03
88.03
25.64
88.03
22.1
88.03
22.1
59.483
24.94
7.47618
77.7537
7.2597
22.1
22.1
88.03
24.94
22.1
88.03
24.94
22.1
88.03
7.1815
68.5486
22.1
88.03
26.8492
55.91
24.94
24.94
24.94
88.03
10.0215
25.64
88.03
22.1
25.64
24.94
88.03
24.94
69.2694
24.94
88.03
58.116
36.4347
8.00571
24.94
8.2399
67.1212
22.1
59.483
22.1
88.03
22.1
24.94
88.03
22.1
24.94
22.1
22.1
88.03
24.94
21.7809
88.03
24.94
88.03
22.1
88.03
88.03
59.483
59.483
67.1212
22.1
24.94
39.1759
73.1897
58.116
88.03
8.2523
1.24745
88.03
22.1
22.1
67.4178
24.94
22.1
24.94
22.1
24.94
24.94
25.64
88.03
22.1
25.64
4.80296
88.03
88.03
24.94
25.64
22.1
88.03
74.1545
54.7145
10.7215
24.94
88.03
88.03
88.03
58.116
88.03
88.03
10.7215
22.1
88.03
24.94
88.03
88.03
24.94
88.03
7.98467
59.483
67.4178
24.94
22.1
59.483
88.03
7.2597
88.03
8.86534
59.483
0.696329
22.1
88.03
22.1
5.85353
22.1
88.03
22.1
24.94
25.64
12.6169
8.00571
88.03
88.03
59.483
22.1
59.483
22.1
88.03
8.00571
88.03
88.03
59.0714
24.94
5.93622
22.1
46.9264
88.03
22.1
22.1
24.94
22.1
88.03
24.94
88.03
22.1
59.483
25.64
22.1
25.64
24.94
59.483
88.03
88.03
22.1
7.1815
59.483
16.3677
88.03
7.98467
88.03
59.483
49.7362
7.1815
22.1
88.03
88.03
25.64
22.1
31.5987
58.116
88.03
24.94
59.483
88.03
88.03
25.1742
73.1115
88.03
10.0215
24.94
44.6427
88.03
22.1
59.483
31.8202
7.1815
8.86534
88.03
88.03
68.1656
88.03
14.1665
88.03
88.03
88.03
22.1
73.1897
62.6214
8.2399
24.94
24.94
88.03
59.483
88.03
7.98467
58.116
22.1
25.64
88.03
22.1
1.69264
88.03
88.03
88.03
88.03
22.1
71.3299
58.116
24.94
59.483
88.03
88.03
88.03
59.483
25.64
88.03
88.03
24.94
75.1194
88.03
24.94
88.03
58.116
24.94
8.00571
59.483
24.94
88.03
59.483
88.03
24.94
22.1
58.116
22.1
7.1815
36.3956
9.82408
59.483
59.483
10.0997
10.7215
22.1
9.73274
22.1
88.03
59.483
22.1
24.94
22.1
22.1
88.03
24.94
9.99795
88.03
22.1
88.03
24.94
58.116
22.1
59.483
59.483
58.116
24.94
52.5775
88.03
88.03
22.1
88.03
8.00571
11.5414
67.4178
22.1
67.4178
22.1
59.483
24.94
88.03
1.80599
88.03
22.1
22.1
88.03
24.94
58.116
22.1
67.4178
88.03
7.2597
70.3506
10.0215
59.483
22.1
88.03
24.94
88.03
88.03
10.0215
88.03
88.03
7.98467
22.1
88.03
58.116
88.03
88.03
16.7641
25.64
88.03
22.1
67.4178
88.03
88.03
22.1
24.94
24.94
24.94
22.1
24.94
88.03
88.03
22.1
22.1
88.03
88.03
88.03
24.94
88.03
25.64
88.03
8.00571
59.483
22.1
88.03
50.4211
88.03
88.03
88.03
88.03
58.116
58.116
88.03
24.94
58.116
88.03
25.64
3.51254
88.03
24.94
55.8808
18.0272
22.1
8.00571
19.2568
88.03
8.2399
22.1
52.7292
64.5533
24.94
22.1
22.1
88.03
88.03
59.483
88.03
24.94
88.03
88.03
24.94
22.1
59.483
88.03
16.9428
11.5271
3.1673
59.483
88.03
88.03
19.6525
88.03
88.03
88.03
7.2597
22.1
8.00571
88.03
24.94
14.8963
22.1
25.64
73.1115
22.1
22.1
88.03
88.03
22.1
24.94
22.1
8.86534
67.4178
8.86534
9.71533
10.7215
24.94
88.03
22.1
24.94
10.0997
24.94
88.03
22.1
88.03
8.2523
13.4056
22.1
88.03
8.00571
22.1
88.03
22.1
8.00571
88.03
5.3999
24.94
88.03
22.1
8.00571
22.1
22.1
22.1
88.03
7.2597
22.1
24.94
22.1
88.03
59.483
24.94
88.03
88.03
22.1
88.03
88.03
88.03
22.1
7.2597
46.5832
22.1
24.94
88.03
88.03
88.03
8.84772
24.94
22.1
88.03
88.03
24.94
88.03
10.0215
88.03
88.03
72.7715
88.03
88.03
67.1212
24.94
88.03
22.1
59.483
24.94
88.03
88.03
88.03
13.9927
81.2057
24.94
25.64
2.54991
88.03
88.03
88.03
24.94
22.1
25.64
88.03
59.483
58.116
88.03
22.1
59.483
88.03
24.94
88.03
23.4978
88.03
24.94
31.3879
8.00571
88.03
88.03
1.79892
24.94
24.94
47.2632
24.94
22.1
88.03
88.03
88.03
67.2264
88.03
55.3708
88.03
59.483
88.03
88.03
67.8728
67.4178
7.76345
10.0997
22.1
22.1
22.1
8.85769
2.84641
22.1
22.1
5.3999
88.03
22.1
24.94
88.03
24.94
22.1
24.94
7.98467
24.94
69.2694
25.64
22.1
52.5775
58.116
88.03
24.94
72.9831
24.94
11.2309
50.456
24.94
32.9107
7.56371
22.1
25.64
22.1
15.5337
59.483
88.03
10.0215
88.03
88.03
22.1
22.1
22.1
44.6427
59.483
24.94
24.94
52.2033
22.1
24.94
22.1
59.483
88.03
88.03
58.116
71.3299
88.03
88.03
59.483
88.03
88.03
24.94
69.9159
23.1543
22.1
88.03
88.03
22.1
19.9945
88.03
7.1815
8.00571
8.2523
88.03
17.7186
22.1
22.1
58.116
22.1
88.03
22.1
88.03
88.03
88.03
88.03
88.03
24.94
88.03
58.116
88.03
22.1
67.1212
59.483
16.7045
22.1
88.03
88.03
7.1815
22.1
24.94
24.94
24.94
24.94
59.483
24.94
22.1
2.5483
7.1815
25.64
53.3877
24.94
88.03
59.483
58.116
22.1
73.1115
24.94
22.1
88.03
58.116
22.1
7.1815
88.03
24.94
58.116
88.03
59.483
24.94
22.1
88.03
59.483
67.4178
10.0997
88.03
24.94
58.116
59.483
88.03
24.94
24.94
22.1
24.94
88.03
59.483
58.116
24.94
88.03
14.2308
16.937
22.1
88.03
7.1815
88.03
22.1
24.94
22.1
22.1
22.1
66.7109
22.1
24.94
88.03
18.0062
24.94
5.61026
73.1115
88.03
88.03
22.1
59.483
24.94
88.03
24.94
24.94
88.03
51.3141
22.1
10.0997
88.03
5.241
24.94
88.03
88.03
67.4178
10.0215
22.1
22.1
24.94
88.03
24.94
88.03
26.3663
22.1
22.1
88.03
24.94
71.3299
88.03
22.1
22.1
24.94
22.1
88.03
24.94
24.94
25.64
22.1
74.1944
88.03
88.03
88.03
10.0997
22.1
22.1
88.03
24.8821
19.9085
67.4178
22.1
73.1115
7.2597
22.1
24.94
67.0021
24.94
24.94
73.1115
28.1133
7.98467
88.03
59.483
7.98467
88.03
22.1
88.03
59.483
7.1815
59.483
22.1
24.94
8.00571
19.1379
0.293933
88.03
22.1
79.3356
22.1
88.03
6.03704
73.1115
59.483
8.2523
7.98467
22.1
10.0215
22.1
88.03
22.1
88.03
24.94
58.116
25.64
15.1872
88.03
41.0781
67.4178
22.1
25.64
88.03
67.1212
7.1815
24.94
59.483
88.03
88.03
22.1
88.03
24.94
25.64
24.94
68.412
88.03
5.22946
24.94
24.94
7.1815
22.1
24.94
88.03
88.03
69.2694
24.94
22.1
88.03
22.1
88.03
22.1
7.98467
59.483
22.1
88.03
24.94
67.4178
0.715161
88.03
88.03
12.6525
88.03
22.1
51.2415
22.1
88.03
58.116
88.03
25.64
88.03
2.72135
71.3299
88.03
88.03
4.38613
88.03
24.94
88.03
88.03
7.2597
67.1212
22.1
88.03
88.03
88.03
88.03
8.86534
22.1
88.03
88.03
58.116
53.1195
24.94
38.8378
58.116
22.1
88.03
88.03
7.95356
88.03
88.03
49.4055
22.1
22.1
88.03
25.2527
7.2597
88.03
25.64
88.03
24.94
24.94
22.1
88.03
8.00571
69.2694
88.03
8.00571
8.00571
22.1
59.483
22.1
88.03
22.1
88.03
88.03
24.94
22.1
88.03
22.1
58.2353
88.03
7.9737
88.03
22.1
88.03
24.94
88.03
88.03
88.03
88.03
7.2597
67.1212
24.94
22.1
22.1
58.116
22.1
88.03
88.03
88.03
58.116
88.03
58.116
7.2597
58.116
8.00571
24.94
88.03
88.03
10.0215
88.03
7.98467
24.94
22.1
88.03
7.98467
7.7587
22.1
24.94
88.03
88.03
88.03
24.94
88.03
2.47006
19.6005
88.03
88.03
25.64
59.483
7.1815
7.98467
59.483
22.1
49.1736
88.03
21.6749
24.94
22.1
88.03
73.1897
88.03
54.0832
16.5908
22.1
22.1
12.6515
22.1
22.1
22.1
24.94
88.03
88.03
59.483
22.1
24.94
58.116
22.1
88.03
59.483
10.0215
18.0272
8.8627
88.03
57.0726
22.1
88.03
59.483
59.483
22.1
59.483
22.1
59.483
88.03
22.1
24.94
58.116
88.03
59.483
22.1
22.1
7.98467
22.1
88.03
88.03
73.1115
55.7773
22.1
0.272901
1.94452
24.94
24.94
88.03
22.1
88.03
88.03
58.116
22.1
58.116
7.2597
67.4178
22.1
22.1
88.03
22.1
59.483
68.7148
24.94
19.3643
88.03
7.1815
22.1
60.976
88.03
7.98467
22.1
51.8693
2.4862
13.2595
22.1
24.94
67.1212
22.1
88.03
5.1321
88.03
73.1115
24.94
59.483
88.03
7.1815
22.1
22.1
7.98467
88.03
22.1
67.4178
22.1
88.03
58.1326
88.03
88.03
88.03
58.116
7.1815
73.1115
75.4912
24.94
24.94
22.1
8.2523
88.03
22.1
5.1321
24.94
88.03
88.03
25.64
88.03
5.4123
22.1
22.1
88.03
22.1
23.0649
88.03
22.1
24.94
22.1
39.066
88.03
88.03
22.1
22.1
18.1128
88.03
25.64
88.03
58.116
13.1168
18.0745
22.1
88.03
88.03
24.94
59.483
88.03
25.64
24.94
21.4368
22.1
88.03
58.116
14.4577
88.03
8.00571
24.94
22.1
22.1
24.94
22.1
88.03
67.4178
88.03
88.03
24.94
22.1
24.94
19.2673
88.03
59.483
8.42901
24.94
88.03
88.03
7.98467
22.1
58.116
88.03
22.1
88.03
59.483
24.94
23.3027
59.483
88.03
22.1
24.94
24.94
88.03
22.1
7.19065
5.96828
33.4736
59.483
7.2597
24.94
88.03
88.03
88.03
88.03
25.64
10.0215
22.1
88.03
25.64
24.94
65.7587
88.03
43.1975
88.03
24.94
18.022
24.94
22.1
59.483
88.03
88.03
22.1
22.1
88.03
24.94
22.1
59.483
22.1
58.116
22.1
88.03
88.03
7.1815
88.03
58.116
8.00571
24.94
11.834
88.03
88.03
59.483
25.64
15.1969
59.483
74.731
88.03
88.03
58.116
88.03
22.1
7.1815
59.483
22.1
76.3726
22.1
0.561514
22.1
24.94
22.1
22.1
59.483
24.94
58.116
4.30271
88.03
9.57302
24.94
24.94
7.1815
22.1
88.03
88.03
24.94
7.2597
73.1897
22.1
58.116
88.03
25.64
88.03
22.1
88.03
58.116
22.1
7.2597
88.03
2.9589
22.1
59.483
7.2597
58.116
22.1
88.03
24.94
24.94
88.03
11.9545
88.03
22.1
88.03
88.03
58.116
88.03
24.94
24.94
24.94
22.1
8.00571
7.98467
22.1
24.94
88.03
88.03
22.1
58.116
22.1
88.03
88.03
73.1115
88.03
59.483
22.1
24.94
25.64
7.19492
67.4178
88.03
22.1
88.03
22.1
88.03
88.03
24.94
22.1
22.1
88.03
24.94
24.94
24.94
4.48528
24.94
22.1
22.1
88.03
7.2597
24.94
24.94
88.03
25.64
22.1
88.03
7.1815
88.03
24.94
88.03
88.03
22.1
25.64
88.03
88.03
88.03
88.03
50.0448
58.116
6.80385
66.5115
24.94
11.5313
10.7997
88.03
59.483
22.1
58.116
8.00571
88.03
88.03
88.03
24.94
59.483
59.483
22.1
58.116
25.64
42.7829
88.03
7.98467
59.483
25.64
88.03
8.86534
88.03
88.03
88.03
25.64
88.03
88.03
1.25852
24.94
88.03
22.1
59.483
88.03
24.94
59.483
24.94
88.03
59.483
25.5267
15.9568
24.94
58.116
10.0997
88.03
88.03
88.03
7.98467
55.9431
22.1
88.03
88.03
15.2654
46.2043
22.1
88.03
22.1
22.1
88.03
67.4178
25.64
22.1
22.1
88.03
88.03
8.00571
88.03
58.116
24.94
67.1212
24.94
8.00571
24.94
22.1
7.2597
67.4178
88.03
58.116
5.3999
88.03
24.94
8.00571
88.03
88.03
69.2694
88.03
22.1
22.1
88.03
88.03
20.1485
22.1
59.483
15.1148
41.1481
59.483
22.1
22.1
88.03
59.483
24.94
22.1
88.03
22.1
17.3637
59.483
22.1
59.483
22.1
59.483
8.8627
1.29127
88.03
4.81652
24.94
22.1
24.94
59.483
7.2597
7.1815
88.03
12.0964
8.00571
22.1
88.03
24.94
73.1115
88.03
88.03
88.03
88.03
88.03
25.64
22.1
88.03
7.1815
67.4178
8.9399
7.2597
22.1
88.03
88.03
59.483
22.1
25.64
22.1
15.1959
59.483
7.1815
69.2004
88.03
88.03
88.03
24.94
88.03
8.00571
24.94
88.03
24.94
59.483
59.483
22.1
22.1
25.1118
18.0272
24.94
25.64
88.03
8.2399
3.67909
59.483
24.94
8.00571
22.1
7.98467
8.00571
59.483
88.03
88.03
25.64
22.1
88.03
69.2694
73.1115
59.483
13.5332
8.00571
24.94
59.483
57.0005
73.1897
22.1
40.9962
22.1
24.94
88.03
58.116
25.64
24.94
24.94
88.03
22.1
88.03
22.1
59.483
88.03
67.1212
88.03
22.1
59.483
7.1815
8.00571
24.94
11.6889
41.5153
24.94
88.03
7.95573
22.1
88.03
88.03
7.1815
58.116
88.03
88.03
88.03
8.86534
38.3996
88.03
24.94
24.94
7.1815
88.03
24.94
10.0215
59.483
88.03
73.1897
88.03
8.00571
7.1815
58.116
69.2004
59.483
22.1
59.483
88.03
8.00571
88.03
22.1
10.0215
22.1
24.94
24.94
10.6833
7.98467
22.1
22.1
16.0468
24.94
88.03
88.03
24.94
88.03
22.1
67.4178
44.6427
88.03
22.1
8.00571
22.1
25.64
22.1
22.1
88.03
22.1
59.483
0.352298
22.1
88.03
22.1
22.1
88.03
58.116
22.1
58.116
24.94
88.03
22.1
22.1
24.94
22.1
22.1
88.03
10.0215
59.483
22.1
88.03
24.94
3.92552
24.94
88.03
22.1
88.03
22.1
88.03
22.1
24.94
59.483
88.03
20.4401
22.1
8.00571
22.1
4.58274
22.1
59.483
22.1
22.1
22.1
88.03
88.03
88.03
7.98467
22.1
55.5073
88.03
22.1
88.03
24.94
12.9607
24.94
7.9737
88.03
73.1115
22.1
22.1
10.0215
88.03
24.94
22.1
88.03
88.03
88.03
22.1
88.03
88.03
24.94
8.00571
22.1
24.94
10.7215
24.94
24.94
25.64
88.03
58.116
24.94
44.5645
7.2597
88.03
22.1
22.1
24.94
88.03
88.03
7.1815
88.03
22.1
25.64
24.94
25.64
22.1
88.03
24.94
23.9702
88.03
55.4244
88.03
7.16115
88.03
22.1
88.03
59.483
88.03
44.5645
5.3999
24.94
22.1
88.03
24.94
10.5805
88.03
24.94
69.2004
11.4168
88.03
24.94
10.0215
15.6578
59.483
24.94
22.1
67.4178
22.1
58.116
88.03
81.2122
88.03
22.1
59.483
67.4178
73.1115
88.03
58.116
8.8627
22.1
88.03
8.00571
24.94
69.2004
72.6285
88.03
24.94
67.4178
24.94
88.03
22.1
24.94
22.1
88.03
0.496732
8.2523
88.03
88.03
59.483
22.1
67.1212
24.94
88.03
88.03
74.9093
7.01873
88.03
88.03
5.75344
59.483
22.1
24.94
67.4178
22.1
59.483
88.03
22.1
88.03
88.03
88.03
88.03
67.4178
58.116
88.03
5.76274
37.6709
25.64
25.64
88.03
58.116
59.483
88.03
88.03
22.1
88.03
22.1
22.1
24.94
22.1
8.2399
24.94
22.1
22.1
69.2004
88.03
67.4178
88.03
24.94
25.64
67.4178
7.1815
22.1
6.89595
24.94
88.03
88.03
7.1815
24.94
88.03
25.1842
71.3299
88.03
88.03
24.94
22.1
18.7062
24.94
88.03
43.1975
24.94
24.94
59.3673
24.3963
88.03
24.94
46.2606
88.03
20.3782
88.03
59.483
24.94
88.03
88.03
88.03
7.98467
56.9415
58.116
58.116
22.1
22.1
8.00571
25.64
8.00571
88.03
22.1
25.64
40.882
88.03
73.1115
88.03
59.483
59.483
22.1
24.94
7.1815
88.03
7.1815
59.483
2.82958
88.03
88.03
88.03
88.03
88.03
24.94
24.94
58.116
25.64
59.483
22.1
10.0215
22.1
24.94
88.03
24.94
59.483
73.1897
22.1
22.1
22.1
88.03
88.03
24.94
1.95781
88.03
22.1
10.0997
11.0866
88.03
58.116
73.1115
88.03
22.1
24.94
7.98467
58.116
88.03
88.03
88.03
8.00571
24.94
8.00571
88.03
88.03
54.803
10.0997
7.1815
88.03
10.0215
59.483
18.0272
88.03
88.03
25.64
88.03
10.0997
88.03
88.03
22.1
24.94
88.03
24.94
24.94
8.00571
88.03
22.1
88.03
24.94
24.94
24.94
88.03
59.483
24.94
88.03
24.94
59.483
88.03
37.7629
59.483
24.94
24.94
59.483
22.1
22.1
88.03
24.1183
22.1
88.03
88.03
76.8475
22.1
22.1
22.1
24.94
22.1
22.1
59.483
22.1
58.116
69.633
24.94
88.03
22.1
73.1897
88.03
10.535
25.64
16.863
59.483
88.03
22.1
79.1324
73.1115
24.94
8.00571
88.03
67.4178
8.00571
22.1
17.738
88.03
24.94
69.0023
88.03
88.03
22.1
88.03
8.00571
44.6427
8.2399
8.8627
5.4123
34.8454
7.1815
88.03
88.03
59.483
22.1
22.1
73.1115
88.03
88.03
88.03
24.94
59.483
88.03
88.03
88.03
88.03
59.483
59.483
71.3299
3.19854
31.9042
88.03
88.03
16.0732
22.1
88.03
88.03
88.03
7.14161
24.94
88.03
24.94
59.483
22.1
22.1
2.25687
22.1
7.2597
22.1
24.94
25.64
88.03
88.03
24.94
24.94
27.6689
88.03
88.03
24.94
88.03
7.1815
88.03
69.2694
59.483
22.1
58.116
25.64
59.483
22.1
88.03
22.1
88.03
22.1
24.94
88.03
88.03
88.03
59.483
59.483
22.1
58.116
10.7997
12.8272
88.03
22.1
58.116
25.64
88.03
22.1
10.0215
88.03
22.1
59.483
18.0155
24.0317
22.1
10.0997
88.03
88.03
88.03
88.03
22.1
22.1
22.1
43.2757
88.03
1.89954
88.03
10.0215
88.03
24.94
22.1
22.1
22.1
58.116
24.94
88.03
24.94
11.0982
24.94
88.03
88.03
58.116
5.1321
59.483
22.1
43.1975
22.1
24.94
15.5862
88.03
22.1
88.03
22.1
88.03
71.9935
22.1
22.1
24.94
22.1
22.1
88.03
88.03
67.4178
8.00571
58.116
88.03
88.03
58.116
88.03
59.483
24.94
22.1
88.03
59.483
88.03
24.94
22.1
22.1
88.03
88.03
8.00571
2.74151
22.1
7.2597
1.9856
31.6608
88.03
88.03
67.1212
88.03
67.4178
88.03
88.03
88.03
22.1
24.94
22.1
7.69907
7.1815
88.03
19.156
7.1815
10.7101
58.116
21.7506
88.03
88.03
22.1
58.116
24.94
22.1
22.1
88.03
84.7438
88.03
8.00571
59.483
88.03
7.1815
7.98467
59.483
88.03
22.1
22.1
88.03
22.1
88.03
7.98467
24.94
21.4017
7.2597
8.00571
24.94
88.03
88.03
88.03
1.50194
22.1
88.03
8.00571
24.94
69.2694
74.7207
7.98467
24.94
59.483
59.483
22.1
59.483
88.03
88.03
7.98467
88.03
88.03
59.483
22.1
59.483
22.1
59.483
88.03
22.1
87.2103
8.00571
7.2597
21.8126
22.1
58.116
67.4178
24.94
22.1
22.1
88.03
88.03
88.03
8.00571
88.03
25.64
81.1172
22.1
38.263
22.1
24.94
88.03
22.1
7.98467
88.03
22.1
88.03
1.0293
8.00571
8.00571
59.483
88.03
73.1115
80.3807
59.483
17.668
88.03
24.94
22.1
88.03
58.116
22.1
15.2675
22.1
88.03
5.3999
88.03
88.03
88.03
22.1
7.1815
7.2597
88.03
22.1
88.03
10.0997
88.03
88.03
22.1
22.1
24.94
88.03
88.03
58.116
7.1815
24.94
22.1
88.03
58.116
8.00571
22.1
24.94
24.94
4.97013
10.4782
58.116
59.483
88.03
7.1815
22.1
88.03
88.03
88.03
88.03
88.03
22.1
88.03
88.03
24.94
20.684
59.483
22.1
16.193
88.03
88.03
22.1
88.03
88.03
24.94
88.03
22.1
67.1212
88.03
7.1815
88.03
88.03
7.2597
22.1
59.483
67.4178
24.94
24.94
88.03
22.1
22.1
7.1815
22.1
88.03
24.94
59.483
22.1
22.1
0.673087
70.4885
59.483
59.483
24.94
8.86534
7.1815
22.1
24.94
8.00571
88.03
24.94
56.9487
88.03
22.1
88.03
67.2744
41.4159
7.1815
88.03
88.03
88.03
88.03
24.94
22.1
8.06754
22.1
88.03
88.03
88.03
88.03
59.483
10.0215
88.03
5.01695
22.1
88.03
5.3999
22.1
22.1
66.3545
8.86534
25.64
7.98467
88.03
88.03
88.03
22.1
69.9653
88.03
24.94
24.94
88.03
59.483
88.03
22.1
22.1
22.1
22.1
24.94
24.94
88.03
88.03
7.95508
79.7772
8.00571
88.03
88.03
56.6156
88.03
22.6982
88.03
88.03
58.116
10.0215
88.03
22.1
88.03
25.64
4.30275
59.483
22.1
22.1
58.116
22.1
22.1
88.03
88.03
73.1897
22.1
88.03
88.03
88.03
57.698
22.1
88.03
88.03
88.03
88.03
22.1
88.03
67.4178
25.64
88.03
24.94
24.94
8.00571
8.2398
88.03
0.714131
88.03
22.1
88.03
17.3645
88.03
22.1
22.1
88.03
24.94
7.98467
22.1
22.1
25.64
10.0215
7.2597
79.5581
22.1
88.03
8.00571
24.94
88.03
67.1212
25.64
25.64
22.1
7.2597
40.8799
88.03
88.03
88.03
88.03
20.4214
36.8011
24.94
8.00571
88.03
88.03
88.03
7.2597
22.1
22.1
88.03
17.9727
22.1
58.116
88.03
22.1
37.8264
58.116
22.1
27.7019
24.94
71.3299
24.94
75.8776
88.03
88.03
59.483
24.94
22.1
25.64
19.756
7.1815
88.03
88.03
88.03
24.94
7.1815
88.03
24.94
22.1
88.03
58.116
7.2597
88.03
24.94
34.5153
8.00571
88.03
62.1177
88.03
22.1
88.03
22.1
22.1
24.94
13.1172
88.03
6.43855
22.1
24.94
88.03
22.1
7.98467
55.3153
22.1
88.03
24.94
22.1
88.03
24.94
8.2399
88.03
88.03
88.03
24.94
24.94
24.94
22.1
88.03
59.483
88.03
18.4428
7.1815
24.94
88.03
59.483
67.6996
22.1
88.03
25.64
22.1
88.03
8.00571
88.03
7.1815
24.94
88.03
88.03
88.03
22.1
14.7159
59.483
88.03
24.94
88.03
9.2452
8.86534
7.1815
24.94
88.03
22.1
21.6321
22.1
88.03
88.03
5.4123
88.03
58.116
22.1
59.483
22.1
63.0713
24.94
22.1
10.0215
27.7812
8.00571
43.1975
22.1
59.483
8.335
88.03
10.048
88.03
88.03
22.1
7.98467
24.94
88.03
59.483
88.03
24.94
88.03
8.00571
5.3999
88.03
58.116
8.2399
22.1
22.1
13.8859
67.1212
71.7677
50.3932
22.1
22.1
15.4148
7.98467
22.1
24.94
22.1
25.64
22.1
22.1
88.03
83.8648
10.0997
22.1
88.03
58.116
10.0215
24.94
88.03
88.03
88.03
58.116
24.94
88.03
22.1
88.03
24.94
59.483
25.64
22.1
88.03
22.1
22.1
58.116
24.94
88.03
88.03
88.03
10.7215
13.8108
22.1
88.03
71.3299
22.1
22.1
22.1
22.1
59.483
24.94
5.4123
25.64
7.98467
8.24956
59.483
59.483
24.94
58.116
59.483
59.483
58.116
88.03
88.03
7.2597
22.1
24.94
8.00571
24.94
88.03
10.0215
73.1115
2.99315
22.1
22.1
18.9624
24.94
7.98467
88.03
24.94
74.2494
13.4056
88.03
24.94
14.4641
88.03
22.1
88.03
22.1
59.483
59.483
8.00571
22.1
88.03
17.0668
25.64
59.483
67.7883
25.64
22.1
25.64
12.4584
12.6403
8.00571
58.116
7.1815
88.03
8.86534
15.1662
88.03
25.64
22.1
67.4178
24.94
88.03
59.483
73.1897
22.1
24.94
24.94
88.03
22.1
25.64
88.03
22.1
42.7953
58.116
88.03
5.47717
58.116
22.1
22.1
59.483
7.98467
25.64
73.1115
59.483
88.03
88.03
22.1
11.0017
88.03
88.03
22.1
88.03
88.03
71.3299
22.1
22.1
10.0215
10.7215
88.03
88.03
22.1
22.1
25.64
59.483
88.03
88.03
88.03
88.03
88.03
7.2597
25.64
88.03
7.2597
24.94
88.03
88.03
24.94
24.94
28.4362
88.03
88.03
24.94
88.03
24.94
22.1
24.94
88.03
67.4178
24.94
88.03
22.1
88.03
24.94
7.1815
73.1897
24.94
2.30454
7.1815
22.1
22.1
88.03
88.03
24.94
82.6348
22.1
59.483
67.1212
69.2694
88.03
56.6615
88.03
2.62167
88.03
24.94
4.38469
88.03
22.1
2.66806
88.03
24.94
88.03
88.03
88.03
24.94
10.0215
7.1815
22.1
22.9645
73.1897
88.03
22.1
5.3999
22.1
24.94
88.03
88.03
88.03
88.03
88.03
24.94
25.64
22.1
88.03
7.98467
22.1
61.5825
58.116
58.116
7.98467
8.00571
88.03
22.1
88.03
22.1
7.98467
59.483
7.98467
88.03
22.1
7.98467
24.94
58.116
24.94
22.1
88.03
22.1
88.03
88.03
11.0455
24.94
88.03
88.03
88.03
3.76781
88.03
12.2234
71.3299
88.03
81.3128
24.94
24.94
22.1
22.1
24.94
24.94
58.116
22.1
7.98467
88.03
22.1
88.03
14.9419
88.03
22.0366
22.1
22.1
88.03
10.0997
88.03
10.0215
22.1
88.03
59.483
25.64
22.1
88.03
88.03
7.86802
22.1
88.03
11.2932
65.7289
88.03
88.03
69.2004
24.94
88.03
16.0442
67.4178
88.03
88.03
88.03
7.98467
22.1
88.03
88.03
24.94
88.03
88.03
58.116
22.1
67.4178
22.1
24.94
22.1
88.03
20.9365
22.1
22.1
22.1
7.2597
88.03
88.03
22.1
88.03
88.03
22.1
58.116
88.03
24.94
19.0655
9.90445
58.116
88.03
22.1
59.483
59.483
24.94
24.94
18.8868
22.1
84.9327
59.483
71.3423
24.94
24.94
24.94
25.64
88.03
88.03
88.03
6.49875
22.1
88.03
24.94
22.1
88.03
88.03
43.1975
7.1815
24.94
24.94
22.1
22.1
88.03
24.94
44.8712
24.94
7.2597
88.03
22.1
88.03
7.1815
20.945
88.03
88.03
22.1
22.1
22.1
88.03
88.03
7.1815
24.94
22.1
10.0997