87.6779
20.9584
74.9517
20.9584
87.6779
24.6134
59.1197
20.9584
57.7453
41.3677
7.54938
79.8477
8.36002
86.9456
87.6779
20.9584
23.8929
20.4276
87.6779
20.9584
23.8929
7.54938
6.77215
20.9584
87.6779
74.3512
6.77215
40.8828
23.8929
4.71762
20.9584
87.6779
70.9733
59.1197
59.1197
87.6779
87.6779
87.6779
87.6779
20.9584
24.6134
23.8929
7.54938
1.28877
20.9584
20.9584
23.8929
20.9584
87.6779
57.7453
20.9584
20.9584
87.6779
17.1503
23.8929
67.0449
87.6779
20.9584
59.1197
87.6779
20.9584
23.8929
87.6779
24.6134
70.5319
23.8929
11.4403
87.6779
23.8929
5.09211
87.6779
20.9584
5.76748
69.4504
87.6779
20.9584
23.8929
23.8929
59.1197
23.8929
87.6779
20.9584
23.8929
87.6779
24.6134
87.6779
87.6779
24.6134
20.9584
87.6779
7.54938
18.3174
23.8929
24.6134
24.6134
6.77215
9.49444
87.6779
23.8929
20.9584
87.6779
20.9584
23.8929
87.6779
5.09211
87.6779
87.6779
87.6779
20.9584
72.7459
87.6779
81.3113
8.35753
23.8929
87.6779
20.9584
20.9584
23.8929
87.6779
6.77215
59.1197
87.6779
23.8929
20.9584
7.54938
6.77215
72.8238
87.6779
87.6779
57.7453
87.6779
20.9584
9.49444
23.8929
20.9584
20.9584
59.1197
7.52954
87.6779
5.58545
7.52954
59.1197
20.9584
20.9584
8.36002
20.9584
87.6779
72.3855
57.7453
43.8634
87.6779
20.9584
87.6779
23.8929
87.6779
59.1197
7.77023
43.304
20.9584
23.8929
7.52954
20.9584
23.8929
87.6779
23.8929
20.9584
57.7453
87.6779
87.6779
24.6134
72.8238
23.8929
87.6779
20.9584
70.7084
87.6779
20.9584
59.1197
87.6779
87.6779
87.6779
87.6779
20.9584
20.9584
24.6134
87.6779
20.9584
57.7453
87.6779
9.57559
87.6779
44.061
75.8001
23.8929
23.8929
87.6779
3.73866
20.9584
9.49444
7.52954
59.1197
16.8204
72.7459
9.04896
24.6134
20.9584
62.577
23.8929
87.6779
6.77215
87.6779
87.6779
59.1197
87.6779
72.7459
9.49444
23.8929
7.52954
20.9584
87.6779
87.6779
87.6779
20.9584
5.0684
67.0449
59.1197
20.9584
67.0449
7.54938
23.8929
59.1197
23.8929
6.77215
20.9584
20.9584
20.9584
14.001
87.6779
72.8238
87.6779
59.1197
87.6779
20.9584
7.54938
23.8929
87.6779
23.8929
87.6779
23.8929
20.9584
23.8929
20.9584
87.6779
5.35591
73.1153
40.6303
7.54938
20.9584
23.8929
87.6779
87.6779
23.8929
87.6779
20.9584
87.6779
57.7453
87.6779
6.77215
57.7453
87.6779
20.9584
87.6779
87.6779
23.8929
23.8929
20.9584
87.6779
87.6779
87.6779
47.42
20.9584
87.6779
59.1197
19.6235
23.8929
24.6134
87.6779
23.8929
23.8929
59.1197
87.6779
67.0449
72.7459
23.8929
87.6779
2.06143
87.6779
24.6134
87.6779
23.8929
87.6779
67.0449
20.9584
72.8238
59.1197
6.8459
51.8791
20.9584
87.6779
87.6779
87.6779
20.9584
20.9584
23.8929
6.8459
6.77215
23.8929
87.6779
87.6779
2.58807
23.8929
20.9584
59.1197
20.9584
59.1197
20.6405
7.54938
23.8929
20.9584
59.1197
57.7453
7.54938
87.6779
20.9584
23.8929
87.6779
5.1038
87.6779
87.6779
68.9118
87.6779
21.3612
59.1197
87.6779
23.8929
87.6779
5.09211
20.9584
87.6779
87.6779
57.7453
82.0775
20.9584
87.6779
20.9584
87.6779
20.9584
20.9584
20.9584
2.40188
2.68329
20.9584
23.8929
14.7521
57.7453
87.6779
20.9584
6.8459
20.9584
87.6779
87.6779
87.6779
67.0449
59.1197
87.6779
8.81746
87.6779
20.9584
6.77215
23.8929
6.77215
87.6779
87.6779
87.6779
59.1197
24.6134
59.1197
20.9584
87.6779
10.2881
87.6779
23.8929
7.54938
72.7459
87.6779
87.6779
68.3661
69.8398
87.6779
23.8929
20.9584
2.24149
20.9584
87.6779
57.7453
59.1197
20.9584
87.6779
20.9584
20.9584
42.6742
20.9584
20.9584
18.9397
87.6779
20.9584
87.6779
87.6779
87.6779
87.6779
87.6779
20.9584
87.6779
87.6779
23.8929
66.746
23.8929
23.8929
20.9584
59.1197
7.54938
7.54938
53.3303
20.9584
87.6779
20.9584
7.78192
57.7453
9.49444
87.6779
87.6779
20.9584
59.1197
9.57559
20.9584
59.1197
87.6779
87.6779
24.6134
23.8929
20.9584
20.9584
20.9584
87.6779
87.6779
67.0449
20.9584
20.9584
87.6779
20.9584
23.8929
87.6779
87.6779
7.54938
59.1197
87.6779
59.1197
23.8929
9.49444
87.6779
87.6779
23.8929
87.6779
6.77215
87.6779
69.5296
68.9118
20.9584
23.8929
20.9584
87.6779
78.6637
87.6779
23.8929
87.6779
56.2543
20.9584
6.77215
24.6134
69.2785
17.9091
87.6779
6.77215
87.6779
23.8929
14.2874
20.9584
5.28293
20.9584
20.9584
24.6134
59.1197
87.6779
20.9584
87.6779
7.58218
59.1197
20.9584
59.1197
57.7453
20.9584
87.6779
87.6779
23.8929
24.6134
23.8929
23.8929
9.49444
5.09211
72.979
23.8929
87.6779
20.9584
87.6779
87.6779
59.1197
87.6779
87.6779
87.6779
87.6779
23.8929
87.6779
20.9584
87.6779
20.9584
20.9584
20.9584
87.6779
87.6779
87.6779
87.6779
59.1197
7.05004
6.8459
20.9584
23.8929
87.6779
20.9584
6.77215
20.9584
25.8645
23.8929
23.8929
9.49444
87.6779
24.6134
87.6779
68.9118
87.6779
35.7683
23.8929
66.746
59.1197
87.6779
23.8929
20.9584
20.9584
87.6779
20.6313
23.8929
20.9584
87.6779
59.1197
20.9584
38.5874
57.7453
7.78192
87.6779
20.9584
23.8929
23.8929
23.8929
24.6134
20.9584
4.52919
87.6779
24.6134
87.6779
54.3255
23.8929
87.6779
57.7453
87.6779
20.9584
23.8929
87.6779
87.6779
59.1197
23.8929
59.1197
6.8459
8.36002
0.656638
87.6779
5.51988
87.6779
23.8929
12.1403
87.6779
59.1197
59.1197
87.6779
87.6779
58.7058
5.59786
46.4459
20.9584
23.8929
87.6779
87.6779
59.1197
20.9584
23.8929
87.6779
20.9584
59.1197
87.6779
87.6779
49.284
20.9584
87.6779
20.9584
57.7453
23.8929
87.6779
24.1337
87.6779
23.8929
87.6779
59.1197
6.77215
87.6779
67.7987
13.7333
87.6779
20.9584
62.2457
23.8929
87.6779
87.6779
57.7453
24.6134
20.9584
87.6779
87.6779
20.9584
57.7453
59.1197
87.6779
59.1197
87.6779
23.8929
87.6779
87.6779
23.8929
59.1197
87.6779
87.6779
20.9584
20.9584
35.7282
59.1197
9.57559
20.9584
20.9584
59.1197
23.8929
20.9584
23.8929
87.6779
87.6779
57.7453
59.1197
57.7453
52.159
87.6779
87.6779
11.0359
20.9584
20.9584
23.8929
1.70305
20.9584
87.6779
57.7453
67.0449
6.8459
9.49444
20.9584
23.8929
87.6779
87.6779
7.52954
87.6779
87.6779
16.2791
87.6779
67.0449
87.6779
23.8929
23.8929
23.8929
87.6779
20.9584
87.6779
23.8929
24.6134
7.54938
20.9584
49.9766
87.6779
87.6779
57.7453
23.8929
87.6779
3.31233
23.8929
16.8204
7.54938
87.6779
20.9584
64.166
20.9584
87.6779
59.1197
23.8929
87.6779
20.9584
87.6779
11.021
59.1197
87.6779
87.6779
87.6779
20.9584
87.6779
14.4741
24.6134
20.9584
87.6779
20.9584
20.9584
67.0449
9.17626
23.8929
20.9584
9.57559
87.6779
87.6779
12.9472
87.6779
20.9584
20.9584
87.6779
23.8929
20.9584
20.9584
20.9584
6.8459
23.8929
87.6779
23.8929
87.6779
87.6779
87.6779
6.8459
20.9584
87.6779
87.6779
23.8929
87.6779
23.8929
9.49444
87.6779
87.6779
66.746
87.6779
59.1197
87.6779
87.6779
80.8809
24.6134
87.6779
87.6779
20.9584
87.6779
57.7453
20.9584
87.6779
87.6779
87.6779
30.5799
87.6779
1.69638
23.8929
23.8929
87.6779
87.6779
87.6779
87.6779
87.6779
67.5035
7.32093
20.9584
20.9584
2.68416
20.9584
87.6779
23.8929
23.8929
23.8929
23.8929
24.6134
52.159
87.6779
72.6182
10.7197
23.8929
7.13258
24.6134
15.1206
87.6779
87.6779
20.9584
20.9584
59.1197
23.8929
20.9584
20.9584
87.6779
57.7453
87.6779
59.1197
87.6779
69.5639
20.9584
87.6779
18.7748
6.77215
7.78192
16.5618
20.9584
20.9584
20.9584
87.6779
87.6779
23.8929
57.7453
20.9584
59.1197
20.9584
87.6779
20.9584
23.8929
23.8929
23.8929
2.40305
24.6134
23.8929
59.1197
20.9584
23.8929
87.6779
20.9584
87.6779
57.7453
59.1197
20.9584
59.1197
9.57559
23.8929
59.1197
23.8929
20.9584
87.6779
57.7453
87.6779
16.2236
87.6779
87.6779
23.8929
20.9584
66.3326
23.8929
16.8028
5.29048
87.6779
20.9584
23.8929
23.8929
87.6779
20.9584
87.6779
23.8929
87.6779
9.49444
20.9584
87.6779
87.6779
20.9584
87.6779
70.9733
20.9584
23.8929
87.6779
23.8929
20.9584
87.6779
87.6779
20.9584
87.6779
18.6835
20.9584
6.8459
23.8929
23.8929
72.7459
7.52954
59.1197
87.6779
87.6779
6.77215
20.9584
7.54938
0.277179
20.9584
20.9584
5.69293
59.1197
7.52954
9.49444
87.6779
87.6779
57.7453
14.7692
40.5286
20.9584
87.6779
6.77215
59.1197
87.6779
87.6779
24.6134
68.0471
4.93138
23.8929
20.9584
87.6779
68.9118
20.9584
20.9584
20.9584
59.1197
87.6779
67.0449
87.6779
12.1764
20.9584
20.9584
57.7453
24.6134
2.56623
87.6779
4.13612
23.8929
87.6779
66.746
87.6779
87.6779
8.36002
87.6779
57.7453
23.8929
57.7453
87.6779
7.50021
87.6779
20.9584
87.6779
6.8459
24.6134
23.8929
20.9584
7.54938
87.6779
7.54938
59.1197
87.6779
87.6779
23.8929
87.6779
57.8652
7.5192
20.9584
23.8929
87.6779
87.6779
66.746
20.9584
57.7453
87.6779
87.6779
87.6779
6.8459
7.54938
87.6779
9.49444
7.52954
20.9584
7.52954
20.9584
87.6779
87.6779
87.6779
18.3575
87.6779
59.1197
7.52954
20.9584
87.6779
23.8929
87.6779
87.6779
16.2035
20.9584
20.9584
20.9584
87.6779
59.1197
23.8929
20.9584
59.1197
16.8204
87.6779
20.9584
59.1197
20.9584
20.9584
87.6779
23.8929
87.6779
20.9584
7.52954
87.6779
72.7459
20.9584
1.83368
23.8929
20.9584
87.6779
20.9584
6.8459
20.9584
87.6779
59.1197
23.8929
87.6779
20.9584
87.6779
20.9584
2.34449
20.9584
66.746
87.6779
87.6779
23.8929
87.6779
20.9584
7.52954
20.9584
20.9584
57.762
87.6779
57.7453
72.7459
23.8929
20.9584
87.6779
4.83957
87.6779
24.6134
5.1038
20.9584
20.9584
87.6779
23.8929
38.474
87.6779
20.9584
87.6779
87.6779
12.649
20.9584
87.6779
59.1197
24.6134
20.279
87.6779
14.0285
7.54938
20.9584
23.8929
87.6779
87.6779
23.8929
23.8929
87.6779
7.94856
87.6779
7.52954
57.7453
20.9584
59.1197
22.1945
87.6779
23.8929
87.6779
6.78078
32.7229
6.8459
87.6779
87.6779
24.6134
20.9584
24.6134
65.3733
42.6742
23.8929
23.8929
59.1197
87.6779
20.9584
23.8929
59.1197
57.7453
87.6779
6.77215
57.7453
23.8929
87.6779
59.1197
14.7791
74.3573
87.6779
87.6779
6.77215
20.9584
20.9584
20.9584
20.9584
59.1197
57.7453
87.6779
23.8929
6.77215
87.6779
23.8929
72.8238
57.7453
24.6134
20.9584
57.7453
6.8459
2.79024
59.1197
57.7453
87.6779
23.8929
11.4662
20.9584
87.6779
87.6779
23.8929
20.9584
7.52954
23.8929
87.6779
57.7453
87.6779
72.7459
59.1197
23.8929
6.78481
87.6779
87.6779
87.6779
23.8929
20.9584
23.8929
23.8929
23.8929
20.9584
6.8459
23.8929
24.6134
87.6779
87.6779
87.6779
20.9584
87.6779
87.6779
49.5961
6.41603
23.8929
10.2881
59.1197
57.7453
87.6779
87.6779
59.1197
20.9584
24.6134
87.6779
59.1197
87.6779
87.6779
87.6779
87.6779
1.18678
87.6779
59.1197
23.8929
23.8929
59.1197
15.5506
57.7453
87.6779
87.6779
55.5621
87.6779
14.8485
20.9584
20.9584
87.6779
24.6134
20.9584
87.6779
87.6779
23.8929
23.8929
23.8929
6.8459
87.6779
5.09211
23.8929
87.6779
68.9118
20.9584
87.6779
18.9384
59.1197
40.5994
20.9584
87.6779
23.8929
87.6779
16.2952
20.9584
20.9584
8.35753
87.6779
23.8929
23.8929
6.8459
87.6779
7.54938
87.6779
72.7459
87.6779
87.6779
24.6134
87.6779
67.0449
6.8459
87.6779
59.1197
24.6134
14.778
6.77215
87.6779
87.6779
87.6779
23.8929
23.8929
59.1197
20.9584
16.8204
24.6134
7.77023
59.1197
7.54938
7.52954
59.1197
87.6779
20.9584
68.9118
59.1197
7.54938
59.1197
72.8238
40.4458
23.8929
57.7453
23.8929
87.6779
87.6779
59.1197
66.746
20.9584
6.77215
23.8929
40.9708
87.6779
20.9584
87.6779
57.7453
87.6779
8.36002
87.6779
23.8929
87.6779
9.49444
87.6779
87.6779
6.77215
68.8422
20.9584
87.6779
87.6779
9.49444
23.8929
10.1743
20.9584
15.6422
87.6779
23.8929
20.9584
44.1404
20.9584
20.9584
20.9584
87.6779
59.1197
20.9584
20.9584
87.6779
20.9584
23.8929
20.9584
23.8929
20.9584
9.49444
20.9584
23.8929
23.8929
20.9584
20.9584
20.9584
59.1197
19.2428
7.54938
4.32152
59.1197
20.9584
87.6779
87.6779
20.9584
87.6779
87.6779
12.4893
7.5192
72.7459
20.9584
87.6779
20.9584
87.6779
20.9584
87.6779
7.54938
23.8929
23.8929
24.6134
57.7453
44.061
87.6779
20.9584
87.6779
6.77215
20.9584
23.8929
20.9584
23.8929
87.6779
87.6779
87.6779
87.6779
87.6779
5.09211
20.9584
23.8929
87.6779
68.8422
87.6779
9.49444
59.1197
20.9584
20.9584
87.6779
87.6779
59.1197
72.7459
57.7453
20.9584
7.54938
68.8422
87.6779
67.0449
87.6779
23.8929
87.6779
7.78192
87.6779
20.9584
23.8929
87.6779
6.61866
87.6779
59.1197
23.8929
20.9584
87.6779
87.6779
87.6779
67.0449
87.6779
37.0374
24.6134
57.7453
87.6779
20.9584
20.9584
23.8929
7.77023
20.9584
68.8422
67.0449
23.8929
67.0449
20.9584
23.8929
87.6779
23.8929
24.1439
87.6779
23.8929
17.4584
87.6779
23.8929
59.0033
87.6779
45.7743
19.18
59.1197
87.6779
87.6779
56.565
57.7453
20.9584
24.6134
87.6779
24.6134
87.6779
87.6779
59.1197
23.8929
87.6779
59.1197
87.6779
87.6779
87.6779
23.8929
24.6134
20.9584
20.9584
87.6779
59.1197
20.9584
20.9584
87.6779
1.84621
20.9584
10.5734
57.7453
87.6779
23.8929
57.7453
87.6779
7.54938
7.54938
87.6779
9.57559
87.6779
59.1197
87.6779
24.6134
9.57559
87.6779
23.8929
23.8929
7.54938
20.9584
23.8929
23.8929
59.1197
87.6779
59.1197
37.132
23.8929
59.1197
20.9584
23.0383
87.6779
76.4917
20.9584
23.8929
20.9584
20.9584
69.2785
87.6779
72.8238
10.0293
16.2479
87.6779
78.802
23.8929
87.6779
7.54938
16.5781
23.8929
87.6779
20.9584
7.54938
7.77023
5.1038
6.77215
87.6779
20.9584
72.7459
87.6779
23.8929
87.6779
87.6779
59.1197
70.9733
31.1091
87.6779
20.9584
87.6779
6.73454
87.6779
59.1197
20.9584
20.9584
20.9584
24.6134
87.6779
23.8929
87.6779
23.8929
6.77215
68.9118
20.9584
24.6134
20.9584
20.9584
20.9584
87.6779
87.6779
59.1197
57.7453
12.3537
20.9584
24.6134
20.9584
87.6779
59.1197
22.9485
9.57559
87.6779
87.6779
20.9584
42.7535
1.79127
9.49444
23.8929
20.9584
57.7453
87.6779
10.5851
87.6779
57.7453
59.1197
42.6742
23.8929
87.6779
87.6779
87.6779
20.9584
23.8929
20.9584
87.6779
7.54938
87.6779
57.7453
59.1197
20.9584
59.1197
23.8929
20.9584
87.6779
2.58524
6.8459
30.8595
87.6779
87.6779
87.6779
87.6779
23.8929
7.26022
87.6779
6.77215
57.7453
87.6779
20.9584
23.8929
20.9584
84.4048
7.54938
87.6779
7.52954
87.6779
20.9584
20.9584
7.52954
20.2431
7.54938
87.6779
87.6779
20.9584
7.54938
68.9118
7.52954
59.1197
20.9584
87.6779
7.52954
87.6779
20.9584
20.9584
87.6779
86.8615
6.8459
20.9584
67.0449
20.9584
87.6779
87.6779
87.6779
80.7927
37.6466
23.8929
20.9584
87.6779
87.6779
7.54938
59.1197
72.7459
59.1197
87.6779
20.9584
57.7453
14.8506
87.6779
87.6779
87.6779
6.77215
87.6779
87.6779
87.6779
20.9584
23.8929
87.6779
6.77215
20.9584
57.7453
20.9584
23.8929
9.96991
59.1197
6.77215
87.6779
87.6779
87.6779
87.6779
23.8929
59.1197
15.792
87.6779
87.6779
23.8929
20.9584
87.6779
87.6779
6.8459
59.1197
23.8929
87.6779
20.9584
20.9584
23.8929
20.9584
0.634721
59.1197
23.8929
6.77215
23.8929
87.6779
56.5722
20.9584
66.9004
6.77215
87.6779
87.6779
20.9584
20.9584
87.6779
87.6779
9.49444
4.73098
87.6779
20.9584
65.9735
24.6134
87.6779
87.6779
69.6137
23.8929
87.6779
87.6779
20.9584
20.9584
23.8929
87.6779
79.4543
87.6779
56.2376
21.572
87.6779
9.49444
20.9584
24.6134
59.1197
20.9584
20.9584
87.6779
72.8238
87.6779
87.6779
20.9584
87.6779
87.6779
87.6779
24.6134
23.8929
7.54938
87.6779
87.6779
87.6779
87.6779
20.9584
23.8929
20.9584
24.6134
6.8459
20.9584
7.54938
87.6779
24.6134
20.9584
40.3282
87.6779
87.6779
36.1441
7.54938
87.6779
6.8459
20.9584
16.7748
57.7453
20.9584
57.7453
26.7517
70.9733
75.5117
87.6779
23.8929
24.6134
6.77215
87.6779
23.8929
87.6779
20.9584
57.7453
87.6779
33.7984
87.6779
87.6779
87.6779
20.9584
12.6494
6.07155
23.8929
20.9584
54.9317
87.6779
20.9584
23.8929
87.6779
87.6779
23.8929
20.9584
59.1197
17.1995
23.8929
59.1197
20.9584
24.6134
87.6779
87.6779
23.8929
87.6779
20.9584
59.1197
23.8929
8.71822
6.77215
87.6779
20.4789
87.6779
5.1038
57.7453
59.1197
62.6929
20.9584
26.8344
42.6742
59.1197
87.6779
87.6779
20.9584
23.8929
59.1197
23.8929
7.54938
87.6779
7.77023
20.9584
66.746
49.9484
20.9584
7.52954
23.8929
24.6134
20.9584
83.5293
20.9584
57.7453
23.8929
87.6779
57.7453
87.6779
87.6779
59.1197
20.9584
20.9584
57.7453
87.6779
87.6779
13.3672
87.6779
20.9584
20.9584
59.1197
5.1038
7.52954
59.1197
23.8929
59.1197
57.7453
87.6779
20.9584
7.54938
87.6779
72.7459
20.9584
17.7105
7.52954
23.8929
12.9472
23.8929
87.6779
87.6779
59.1197
7.54938
87.6779
24.6134
67.4184
20.9584
11.9797
7.54938
6.77215
8.36002
87.6779
20.9584
23.8929
59.1197
20.9584
23.8929
20.9584
87.6779
42.2666
87.6779
57.7453
20.9584
7.52954
72.7459
87.6779
20.9584
87.6779
20.9584
87.6779
20.9584
9.49444
87.6779
20.9584
24.6134
87.6779
87.6779
87.6779
24.6134
6.8459
87.6779
23.8929
27.5189
87.6779
87.6779
20.9584
87.6779
23.8929
20.9584
23.8929
72.8238
2.17318
20.9584
87.6779
23.8929
20.9584
66.746
87.6779
87.6779
87.6779
4.13476
20.9584
87.6779
87.6779
87.6779
9.49444
20.9584
72.8238
20.9584
20.9584
87.6779
87.6779
87.6779
24.6134
87.6779
20.9584
57.7453
7.52954
87.6779
87.6779
7.52954
7.52954
20.9584
23.8929
23.8929
87.6779
87.6779
10.5317
87.6779
87.6779
87.6779
70.9733
80.9875
23.8929
20.9584
23.8929
20.9584
87.6779
87.6779
87.6779
20.9584
87.6779
87.6779
20.9584
59.1197
20.9584
87.6779
20.9584
10.7829
87.6779
68.8422
87.6779
67.0449
87.6779
7.52954
87.6779
23.8929
87.6779
20.9584
20.9584
20.9584
19.7515
20.9584
6.8459
87.6779
87.6779
20.9584
87.6779
17.8121
57.7453
20.9584
59.1197
23.8929
20.9584
59.1197
23.8929
23.8929
87.6779
87.6779
20.9584
23.8929
87.6779
42.6742
23.8929
20.9584
87.6779
44.3724
6.8459
20.9584
6.77215
87.6779
20.9584
20.9584
87.6779
23.8929
9.57559
